79
61939466635349856
156445327974056940
97256693282075068
540286377150746304
823756463502138120
100354796970847848
58781102935499217
3803715235181823
167472795724307200
359804296347162030
94244320535631035
730424608702948341
528217938991338125
1012628082445317
20286055691095392
84835310384655720
492182105743508912
83338743912272936
-47955259924868672
471789852172259502
282054651388613880
352706211168569712
386348952955075164
37775174999956800
245364082227350240
224323991770869276
21913816596135867
612349932637883880
523273414491004296
337938065970806880
114456273367442825
27543568257000
327431129546604000
57041339594154804
18308553771669896
218070657290391696
336886185387432960
41227698552292470
322346998073353500
331680321078234400
249123914642131368
2075522710174375
13388103013980408
61451269648461
91891745940869160
243566785142406000
125011306307473196
68763481411896600
9356179530344580
2108660180211468
33782008223890080
857955061914210000
27790619545378852
221089885908327152
303215858998424658
46326278120347650
137861869185887798
40841172183298560
30043071517787860
15554421211505824
53842338022466184
267601527114177420
571665845357152
484972175550238524
63582922821961296
31562288241027560
242427149444775120
209944008538133210
21561710800903350
16851744622128750
370710176402720
498239988537516108
130293447378408672
661485373131962400
109470000849972552
46502246328715728
845960058051680704
313758143299200084
79846653052928957
