49
235363871369267355
325837168705575150
86816101347554136
626566972610308752
486537139430293060
3901886329079196
111889702362534320
151936232679576720
5536960476402040
429553199809272
587686204123889744
241616294479054980
110556646169511920
76327533937059780
-133435847578487552
184627507613020425
118630324653191928
535824626691644400
173810609503051092
1406054350258080
24055783295319600
826645882075776
50782297841461604
121329062956831730
234411597538265060
5901726116800888
140233711814686325
447978521629637008
378509028732835650
154395068630330036
724877787561752404
29495347099410780
572067853306160400
914622952334868084
5345755414567806
251639864459174686
550829030813688550
17644801965247224
186374205096393960
595191025872757843
178522030170752364
782043951126937224
489429458324211210
502822007934251236
190479869021334480
8873729775400
4710219084581400
108210858662490012
199476810288213240
