70
25098892697034120
224110466754891220
23035193290814562
690976351815153190
11903790576012336
108656546970140280
18272423672793620
291992854663939320
134744691088973280
162173475749618496
134391271324802800
98484860694061380
255065745789109288
220229648293153005
34390723231055320
94957843584024360
280396597901517636
155396245287989370
455489642907502080
167247774653184765
-259809487938058730
584387523031031040
401100382452885888
482967369655528968
94417271871576
185907912158621250
71149150979754594
4153548953647506
546649293349490634
5924168796617971
518239976195527200
101101178866796256
2359681618805760
462907165166414616
182592549509424066
699101202456115250
48060114556494750
-233269229744321120
948716399435301588
86366471829662712
38975693051140360
49792871156365152
23528456320671072
1025600046936150
8874706123279370
97214354906290440
91350200248993749
99010556208959796
89621470930335900
476743479926737920
988418544396577800
358161295153772320
516835705909687164
354877421388120700
837135465590047860
11080785701960352
47979852970822908
308218499611142835
105015701572250540
184159367965533376
41369563844830239
31790533494320700
19778154196503852
385147154448419328
203959682449462576
60259413006936558
20771194087995417
396011647832608304
113639512079411620
328748923478954680
