91
422366398491618072
826445301906582072
209173462484809728
-107006162736913480
14552200143611190
28232854059950064
590853915573130880
7934827083679296
8113816047311730
170910015187216866
26085679488893178
462853134009738750
641594181629138100
36967765904765850
406980178578776000
22830465804912360
37109626326168825
343753526779423684
138701963840886970
335577108632724000
619957263797605300
673952025515004068
126179915667416430
34713830515111800
101968868906932734
247961994115303526
194381299216558080
555347712727434770
204007846969043712
35869357368120060
105882468256692270
70779990008178360
123502003296058170
157338740683834050
24796957523780232
39328219716472832
6073498148004144
98565250950996720
210477345894950274
4246967632033308
270049782203355840
168537551290446800
496358598904158984
20129030387065960
84799662019416604
559959685329187892
578675017577426874
15956497453671380
54726438913624575
173922884920698030
143933975390189365
44882217372423655
117152549793673713
53423793123881182
580922539548806400
48593931814369920
400036357206416
644979820182881656
73995133636518120
590951458845914985
45814521858784244
427130284833129825
192686840460438714
2753914112109594
697574270541644496
11440890175860512
96483455688525192
135621999795292668
80296870623706800
112098791370669650
5205089578652544
114906205708450614
357663375013072128
123121151785164330
386479149495947505
55429353390433232
207510426310042100
22260589630450584
-423065053404915704
-292528765610282816
15260219671464320
31419005883061680
424186645515164
33168551834193000
34785453871388436
69313847202371520
201958477039903808
457201010295327354
664413963882848334
3791661906002688
179449688283224216
